;
[0, 0, 0, 0, 0]
[-0.6827237773932942, -0.8564866648467896, -0.5817534509000468, 1.4535030720772115, -0.6075830693052963]
[0.6403312609143995, -1.558679058825635, -1.0439576790845053, 0.2713173433342618, -0.03014637148158466]
[-1.29129236661979, 1.0990596628196025, -0.8278334726597177, -0.05068368199957452, 0.6739559876700177]
[-0.9197730322859237, -0.3515056174341108, 0.4708710666877777, -1.071359829804384, 1.295444660918629]
[1.4167098039365178, 0.4160259723605458, 0.9703906782487478, 0.883550305377372, 0.3206025393797892]
[0.9072007724383693, 0.9722914108195974, -1.2989069355539753, 0.4033294913979683, -0.6189422310357865]
[-1.055863560719849, -0.9463166629596094, 0.15420832530864512, -0.6543320470063548, -1.2416719526901026]
[-0.7485405307948458, -0.5689676260371338, -1.4087350335805497, -0.916109899138272, 0.5444804117519916]
[-0.7513305849240781, 1.280352181552634, 0.2942596152127448, 0.9344357059890618, -0.9146031613900831]
[-0.6227284670839894, 0.8604530732622742, -0.6331174601560484, -1.4318476922255023, -0.6618399704140926]
[0.04737021515148615, -1.0751603378322157, 1.4232596461423788, 0.7507461370977956, -0.5038468338839892]
[1.2287540085847526, 0.2505042021370075, -0.3855007740666283, -0.9464020236333619, 1.178367964132148]
[1.5575061360294953, -0.7133400659222704, 0.49454485202674386, -0.26729106027443167, -0.8729252348202957]
[0.08337273863515313, 0.11382191274538306, -0.4407880442623751, 1.3230891131230829, 1.432561143852718]
[-0.4841675171268745, 0.2906499446949909, 1.6280879935485475, -0.9997162622156753, -0.1830571631112411]
[-0.18680777885121577, 1.0122962070180745, 1.089038862113709, 0.3539250080397358, 1.2808954998527962]
[0.7712915055588804, -0.8927028590879779, 1.189643029928523, -0.46682194845296493, 0.9967025068784061]
;
[0, 0, 0, 0, 0]
[-0.3372788978626579, 1.0788304472730226, 1.220518386101171, -0.16170906061908258, 1.1057819573762027]
[0.8896219037244236, -0.3363204757982578, -0.5560136898277646, 1.1070548995025986, 1.2521609112381367]
[1.0469457307074836, 1.2624933811472603, 0.6853990559550509, -0.7724675649996898, -0.4953348715771203]
[-1.373794503389616, -1.3248205721772701, -0.24335499839536764, 0.5301301832264231, 0.17469051752032605]
[1.267346136261878, -0.9322611895270019, 0.3385141786459056, -0.8538787458463291, -0.8333033543801522]
[-1.1891122941301944, 1.043659718429527, 0.4648484378062553, -0.6812778717526082, -0.908703720356744]
[0.27145398504859314, 1.1324228889034111, -0.31491181560161613, 1.0133862226060006, -1.2394929062079607]
[0.05582661385478637, 1.198862434901777, -0.7979258444901283, -1.0308186881469643, 0.9343909005796063]
[0.4715278148688213, -0.46682194845296493, 0.8978793121454204, -1.2465840135603867, 1.097878634819322]
[-0.024158809727257945, -0.4526224057724503, 1.1610439733629256, 1.3344189608173647, -0.8206889774994972]
[-1.2847421398562575, -0.35937860537315436, -1.0165419120946455, -0.8147855020605941, -0.7362169000761793]
[0.17762585244287518, -1.0436471759411847, -1.4446394436877614, 0.6594264479102443, -0.6098741714776827]
[-1.0332311219016195, 0.5701640643070139, -0.4309379555808826, 0.7022503725856512, 1.3943010302463112]
[1.7000871945823495, 0.368165812423261, -0.8453832705516399, 0.4101087530790755, -0.3085136301572137]
[0.48593156372740304, -0.7288973455911053, -1.2692611618745309, -1.1589121407836847, 0.5393741389642258]
[1.4173775797988353, -0.16468851960399752, 1.2459670798028382, 0.5166322072708487, 0.39563656021485144]
[-0.8719715935981033, -1.0566295618600752, 1.292605777833808, -0.6583648702166761, -0.13816451307012192]
;
[0, 0, 0]
[-1.1903030444255025, 1.3722520934397693, 0.8384924706321818]
[0.402472011443372, 1.3336286570303935, -1.4360071363881293]
[1.664657380629042, -0.20007479324376468, -1.0907586315877171]
[-0.7088959978581234, -1.8144070841730753, 0.45528234345198465]
[1.4133455034329874, -0.9161115154376503, 1.0794151668705814]
[0.7156685703975769, 1.141798084885734, 1.4795936501133904]
[-1.613551181055809, 0.11434614668899443, -1.1846018794552966]
[-0.6291167584409393, -0.35472160435076466, 1.8661440924540211]
[0.03909225410841635, -1.3845585695613793, -1.4444340473730046]
